46713628441216 50339617389347, 25 4
139731258374200 50339664582239, 25 4
30098139300648 50339833527682, 25 1
14699951449492 50339836189006, 25 4
7640295718460 50339838952851, 25 4
140211824956752 50339894566203, 4 1
140211825063240 50339894569196, 4 1
25696192 50339894570004, 4 1
91981088 50340344922217, 26 4
79392176 50340488591476, 26 4
140442879415784 50340492790881, 27 1
140442873135104 50340492794306, 27 4
140442880998272 50340492792707, 27 1
38957100410904 50340494369956, 26 4
56990797038100 50340632250456, 26 4
140213863029864 50341195731542, 25 4
27151441176900 50341597893992, 28 4
14677183244772 50341858887212, 26 4
45486602510400 50341858888768, 26 4
101847040 50341858889254, 26 4
102191584 50342337211140, 26 4
140731846888232 50342599609521, 26 4
49406858968884 50345351578302, 26 4
67789731135552 50348351105802, 26 4
64172551307480 50348351638372, 26 4
